[DEFAULT]
data_mean_ = [11.130929168827599, 11.379712689668326, 11.368720612257919, 20.700825557365334, 3697.798790155984, 351019936.2165967, 244.6613680285669, 253.0417892225356, 250.74809601590792, 3.801950382662757, 3.827927213043386, 3.776427145196306, 24.246596152214323, 25.83446773352759, 25.32192080836779, 82.02031350964812, 8.925956635690477]
data_std_ = [3.0734445131850316, 3.227174206347406, 3.2684643747344224, 9.766172920584737, 1352.7926855613814, 160645602.34606498, 96.8607210309351, 100.48136289268523, 100.00100179583012, 1.4673820027990427, 1.493698855704148, 1.483132856678158, 6.951819351439975, 7.705560038019171, 7.500492679218058, 19.03225904370914, 0.3556885970755275]
yeo_lambda = [0.08590799027117092, 0.09056274180349475, 0.09170204031942489, 0.7195622819639365, 0.30044664840438706, 1.047894092185899, 0.26556429357554334, 0.2690238204160606, 0.2682675932130451, -0.039342060479644, -0.03681599546191832, -0.03937115306166479, 0.1058224914853023, 0.11489389604235965, 0.112278562489261, 0.12220660901278158, -0.07650472176740983]
feature_num = 14
feature_mask = [1, 1, 1, 1, 1, 1, 1, 1, 1, 0, 0, 0, 1, 1, 1, 1, 1]
feature_list = ['m', 'k', 'n', 'ncores', 'm*k*n', 'mfootprint', 'm*k', 'k*n', 'm*n', 'm/ncores', 'k/ncores', 'n/ncores', 'm*k/ncores', 'k*n/ncores', 'm*n/ncores', 'm*k*n/ncores', 'mfootprint/ncores']

