[DEFAULT]
data_mean_ = [16.36055977195261, 16.930912860759136, 14.645869892979373, 20.559087774507592, 5360.304641462846, 543115051.9366112, 120.02060090812125, 141.970284016889, 385.7449679580072, 4.613244345534491, 4.25940592601658, 4.328234925877312, 17.483091586160658, 19.19334557221178, 30.04688663525048, 50.78451567207854, 13.13168290961836]
data_std_ = [5.094020857580444, 4.997587911712191, 4.3561034180983755, 9.773552582128854, 2062.2103379574155, 263365590.24884996, 36.40265174333991, 47.176881032529735, 160.96463052434072, 1.7585510563014144, 1.5085008087449676, 1.6411453162903955, 3.4856089776190546, 4.28888531528618, 9.028292924749147, 8.712715323772938, 0.8429310110084114]
yeo_lambda = [0.1488577639722191, 0.16199087043874236, 0.13100960262552216, 0.7127346325771104, 0.3024705905060043, 1.0316847241212115, 0.19563495241642248, 0.2104298449248505, 0.284281791658487, 0.004113763674948298, -0.015677731584289166, -0.012122447035106766, 0.049741112652435186, 0.06391786344515595, 0.11902854254267745, 0.07721726010961204, -0.023375527010842077]
feature_num = 14
feature_mask = [1, 1, 1, 1, 1, 1, 1, 1, 1, 1, 1, 0, 0, 0, 1, 1, 1]
feature_list = ['m', 'k', 'n', 'ncores', 'm*k*n', 'mfootprint', 'm*k', 'k*n', 'm*n', 'm/ncores', 'k/ncores', 'n/ncores', 'm*k/ncores', 'k*n/ncores', 'm*n/ncores', 'm*k*n/ncores', 'mfootprint/ncores']

