[DEFAULT]
data_mean_ = [606.1644393566762, 21.006134191451448, 4.780789984938591]
data_std_ = [276.1696481755942, 9.938975600811576, 1.3165635644521705]
yeo_lambda = [0.7077470702232505, 0.7238520827477222, 0.002173786137224802]
feature_num = 3
feature_mask = [1, 1, 1]
feature_list = ['n', 'ncores', 'n/ncores']

