[DEFAULT]
data_mean_ = [7.389161679132916, 21.900300610920713, 21.006131591320607, 19065.9290058574, 2.063280998417851, 8.24379461743529, 30.75666869311123]
data_std_ = [2.6300225162748374, 6.413345372827612, 9.938974046112572, 8158.010161991693, 1.1256226842293895, 2.6941638835027484, 6.623108078818755]
yeo_lambda = [0.06458106374121218, 0.113630967785239, 0.7238520398370963, 0.5448681192040106, -0.1408537830892364, 0.03358641000152841, 0.11362364389765435]
feature_num = 5
feature_mask = [1, 1, 1, 1, 0, 0, 1]
feature_list = ['m', 'n', 'ncores', 'm*n', 'm/ncores', 'n/ncores', 'm*n/ncores']

