[DEFAULT]
data_mean_ = [253566.38894317258, 21.00613484455123, 19.529747714892448]
data_std_ = [115184.54721920668, 9.938975991319893, 2.7691906114393245]
yeo_lambda = [0.7033284164702042, 0.7238520935260215, 0.05312874453736503]
feature_num = 3
feature_mask = [1, 1, 1]
feature_list = ['n', 'ncores', 'n/ncores']

